100 26
0000000000000000000000000000000000000000000000000000000000000000000000000000000000000000000000000000
0000000000000000000000000000000000000000000000000000000000000000000000000000000000000000000000000000
0000000000000000000000000000000000000000000000000000000000000000000000000000000000000000000000000000
0000000000000000000000000000000000000000000000000000000000000000000000000000000000000000000000000000
0000000000000000000000000000000000000000000000000000000000000000000000000000000000000000000000000000
0000000000000000000000000000000000000000000000000000000000100000000000000000000000000000000000000000
0000000000000000000000000000000000000000000000000000000000100000000000000000000000000000000000000000
0000000000000000000000000000000000000000000000000000000001000000000000000000000000000000000000000000
0000000000000000000000000000000000000000000000000000000000111000000000000000001110001110000000000000
0000000000000000000000000000000000000000000000000000000000110100000000010001010000001110000000000000
0000000000000000000000000000000000000000000000000000000000010000000000011010000000100001111000000000
0000000000000000000000000000000000000000000000000000000000000001000000100010100011010000011000000000
0000000000000000000000000000000000000000000000000000000000001001011100011000000000100000000110100000
0000000000000000000000000000000000000000000000000000000000001101000001000001000000000000000001000000
0000000000000000000000000000000000000000000000000000000000000000001011111110000000000000000000000000
0000000000000000000000000000000000000000000000000000000000000000000000000000000000000000000000000000
0000000000000000000000000000000000000000000000000000000000000000001011111110000000000000000000000000
0000000000000000000000000000000000000000000000000000000000001101000001000001000000000000000001000000
0000000000000000000000000000000000000000000000000000000000001001011100011000000000100000000110100000
0000000000000000000000000000000000000000000000000000000000000001000000100010100011010000011000000000
0000000000000000000000000000000000000000000000000000000000010000000000011010000000100001111000000000
0000000000000000000000000000000000000000000000000000000000110100000000010001010000001110000000000000
0000000000000000000000000000000000000000000000000000000000111000000000000000001110001110000000000000
0000000000000000000000000000000000000000000000000000000001000000000000000000000000000000000000000000
0000000000000000000000000000000000000000000000000000000000100000000000000000000000000000000000000000
0000000000000000000000000000000000000000000000000000000000100000000000000000000000000000000000000000